Id,SalePrice
2658,158417.55631225932
2718,179300.4025552696
2414,235667.8550022162
1989,117189.58003537418
625,170221.38391768123
333,96897.09256137605
1327,100325.55167569473
858,165612.45135595216
95,196346.39186649414
1568,161022.58306588788
2482,174605.98800693845
1364,122799.78866646756
2584,147069.91751367753
818,252628.52636159724
2673,160501.1137578168
2089,101244.13362298475
1297,152401.93353788764
790,117575.4138988333
2616,194221.5367431334
720,221117.38988187362
222,147943.0079330474
557,115464.35569647021
1148,204314.44268876433
2766,159302.73362375307
534,192415.7350020663
1452,124156.26250732133
630,114145.00818161281
2648,145391.95648624172
125,175686.16444981875
1904,33383.66376436359
1670,96622.84025121298
756,84144.53336218152
717,243654.74875028647
1032,163426.59993431633
852,217820.01244771812
1731,194565.02886903373
2639,119104.20395742335
2071,54425.05180580176
1267,124520.6049008977
1851,193420.49138056327
567,191085.9868155112
2439,212286.03106609528
1898,148413.62576034994
647,170440.4822246948
2256,242733.2086962486
979,102545.29580552336
1444,227109.32646937144
2485,113607.89953635907
157,114520.19203768736
88,127294.90080460465
2003,117236.96323726264
186,224500.20613020723
1425,241961.8276651033
2695,129744.07425290313
738,107782.83398895423
395,158396.55980956103
1353,177608.7975394681
1878,134133.62337476038
390,163968.94278184487
1456,228463.21350324404
1103,315531.77893921395
1387,137685.24120545865
2070,145369.2360811017
1199,183648.11296024238
2479,185151.5199568723
501,292466.4102945952
2362,92898.52683278994
1718,211443.5484275505
2188,76973.80635633983
1483,173208.98733556442
2557,68227.15667999542
437,329759.2442142634
2224,196045.75594777704
1628,177967.62125900254
397,138598.57304153338
587,211345.4640178021
2182,604936.2248343419
971,123285.70467098992
2611,152251.53702161764
1887,80120.66735916221
2399,345795.7146344279
2148,206060.98583964675
304,137666.32531302536
1997,134210.50481333156
2817,105189.04889924302
1431,209187.00405211476
427,326455.65165513614
263,122806.04276644412
598,192522.989756429
2895,246614.849203569
687,139180.18797123735
1822,139878.5947929177
2191,101614.30008243133
179,119863.11238555095
1009,232492.2570982136
2010,123061.16680882566
1991,146721.63081014037
1411,188344.06102028076
1721,228327.56407389086
1144,196086.64862729737
593,228058.68712906042
575,332940.13015739
1249,172689.1082289061
1604,117129.27384521905
1064,449928.61082053336
1923,160037.96292885122
1988,122956.90934108553
2325,168153.5889072414
114,200578.7775083207
2700,191090.19550581733
217,151789.932085295
343,186829.98481623296
386,225809.0916001851
2005,93831.12787038818
2908,133048.0662404593
1814,253074.31810668335
2446,461296.5396193927
208,149746.42009988954
1679,118265.38004331372
822,325282.62683722493
6,187481.95159420578
1781,397500.97198306676
2397,296755.88774916687
2340,311181.00542954647
1618,166483.43361548678
2843,143136.76175787547
1061,331021.5266802493
2786,120416.66424333879
1935,140516.30199894283
1341,106643.62725087279
521,249437.92349833186
2136,133375.1357464848
996,188456.47097210726
227,131721.35405732837
135,196235.70028747778
1167,161782.55494131052
294,240931.26863845016
1776,227736.55899507954
540,181355.27947767283
1717,232229.09011895247
2303,121767.89312879244
116,188164.5537591955
127,133512.52688137154
1371,135524.82385247917
1014,159092.01307891088
1507,95458.8846092815
702,162523.30241635692
750,153890.19920208945
261,159032.00009078134
1559,65912.6236353537
577,232545.36011368135
2812,203491.23975819873
2080,176749.64476530126
1368,124991.4688363211
2376,122749.68448451089
659,126053.74204700862
1235,145217.809860716
332,80279.63675684256
1917,152676.2520197009
2094,234237.36026331544
1460,257814.99130424147
1471,218463.20867051254
1509,122295.14916968817
1922,129670.09837211271
433,439195.46211799316
460,270225.52369860106
1116,223255.56735075856
1137,169399.45491892935
53,186135.88364667754
2354,276103.7866484643
1475,209788.59489225814
1761,484967.38962337305
842,128775.13267389324
2739,184855.94963338776
2509,163061.51923958032
1007,206784.23303411301
2610,188571.71446677734
1952,99391.65672760365
2719,189774.64002606756
2921,89153.8667100277
1966,139587.28815701188
292,117726.31024194676
1204,200380.14420618684
1829,258145.22442976988
2419,211702.20217873077
391,147811.63079981002
798,124889.23156599012
481,202383.05298906064
193,210955.37457419152
555,108110.44235023664
899,27826.315949828742
2357,168462.108460623
328,137731.77304604376
1356,104480.08008031768
1154,105399.04389127305
1730,201378.88894685768
2249,143459.3021015182
1119,282408.1567512472
2856,147492.41847603754
1394,133678.11253456402
2587,109515.09784259454
61,281427.304691715
2661,184160.26183222185
2711,142322.56360556837
1147,199201.50496394405
757,136955.883874076
2623,62803.70230497951
2378,137811.25074486065
1413,168388.44558114326
1722,217628.09503371094
1112,213214.3663761759
1623,179805.9037111186
1201,214664.81635676307
1513,123372.85212114101
957,406370.0490296525
1171,282446.699433214
1145,207760.08159547247
2726,238422.9830828991
703,170209.40925398332
760,115352.41481298883
1964,141784.0889983817
2512,194276.1672297151
159,148815.56518621606
1281,173314.1035669288
468,188782.6523166066
290,112897.91777751036
665,106197.69204841723
1463,255641.3035136556
1792,219189.5579790324
923,163930.0108368994
500,270303.8534382466
1408,183950.2068363272
331,80498.06140707873
170,137450.238901697
2192,86124.29640222112
2571,297184.22731006646
2314,159053.12179834006
2647,93854.37893800948
422,386118.8642675924
2457,349091.646444412
1838,216921.1476393632
2805,267265.11790423904
1645,152603.1759873101
1711,279049.7471789129
2825,240520.9888656488
322,336518.39427602116
2103,273302.40407735354
342,124266.80613098535
600,111201.58328424109
488,168410.14432260388
1725,322325.8927065857
2246,328440.67569990037
2847,150069.56470746917
806,247638.55607607
530,223216.01610015868
963,194923.7974429008
2678,98428.55172061354
171,90395.62283177525
2401,418166.3296669082
805,224916.01469568216
2259,242331.8111216568
1748,177871.59065734452
1361,152233.89190096062
1677,134607.13638900465
1406,146325.2813011009
2322,272878.4095699081
688,166537.5648807043
143,154628.86933170498
804,214761.70487736436
1214,176950.6549369339
2828,166728.2015026659
1999,208363.03523925075
2467,216069.5594625631
2665,170153.1374436895
1538,316912.1097700371
398,105765.04759826337
2822,163864.39003719675
2157,168323.69448016636
1856,195413.62210301656
1269,76029.00274163828
2570,126645.00474960738
2320,240390.9502144987
1517,136266.3010705753
2304,121066.35228549044
1312,87743.00027720748
2012,129241.28409115782
506,243145.17268382627
2865,210386.33028481874
2367,120203.74918527828
554,85592.27816845631
238,146727.77156464214
1954,114260.56712832992
2488,130694.8136932294
2291,75530.12477058228
1969,76698.41197484458
2725,161755.09052513738
1482,169044.07701392387
2763,217250.80438758005
503,248786.79701424428
1584,251702.354032651
1531,146444.85156153067
2210,209652.55360678353
459,339237.6674042885
556,129116.6074505454
1347,149180.7972764907
1290,69101.54239844708
1388,102979.32361898175
1571,340639.03706620587
2754,222003.08299537783
765,160468.96494641853
2494,132033.53631042212
2870,217489.12943833397
7,221148.63326314715
1114,243681.72872458765
2418,293262.43807892076
291,155007.45628285845
18,331922.4579533314
39,375845.44469481916
1001,247417.8909615576
2442,241084.0975690793
616,121429.61734173537
2680,54857.383301729365
1414,128179.23562484857
289,153410.31087082572
40,259103.90308828652
860,124838.1007186623
409,141728.13814786667
673,153841.44140579275
2427,212629.6498854342
2036,215931.8274695038
2564,138617.77111614528
642,187072.42768673418
1008,189388.47838145145
1908,171421.89225566722
2519,211307.43072191437
1369,85803.97117617437
2855,168154.13344557313
712,110166.96828098648
1943,135303.3431396766
1958,137018.90721476907
107,183092.07976516496
2295,211281.49772167212
704,114547.45731137448
676,145180.0929329667
259,182989.81925025073
93,281994.4016910214
106,232540.59072686962
2315,161978.10268390278
1050,108621.418089801
1095,217103.85795853345
2709,152570.47922779503
758,169454.53825858262
1496,157639.79716406937
2370,142958.22346127965
2458,298319.0289608576
2733,126597.27342194208
161,275338.6272967195
726,150176.9358398646
845,221334.55455384808
947,247091.88702998077
2232,116322.45382524104
2563,145737.6802708713
2299,162038.40364697512
211,69306.07050657514
605,165777.68855319635
1478,209601.02124051427
2247,303844.58719016373
2274,208368.70842111233
2869,217373.47628629673
967,218735.34400819344
2656,111268.87811557653
667,220527.23211376512
1042,129705.753816171
2023,153751.6902263182
2447,370043.3845181903
2055,126595.28110804735
2275,305611.9040105119
2204,183024.69491504296
1563,291759.00746652426
483,215006.35424477689
796,160969.49737257682
1526,154278.0915331556
2042,141867.60476780692
442,319412.23082548694
1693,307853.4305341381
1468,224235.1375474139
1430,182456.9806295825
2605,173866.88229719352
1529,211991.59374483547
335,162779.88823352533
1287,125177.2560864468
31,117374.9195732588
1785,307425.32625699794
82,152138.97371201473
2620,144519.44602772355
252,172404.46807759942
721,50616.49737832672
2165,206041.2621347887
2316,192746.973523518
775,122477.75866582867
1558,53715.187357079165
17,223541.74678401105
1022,251244.75244019303
925,112978.8695146999
438,253901.47835428917
1270,147703.22394663037
1272,119455.79122240252
215,154631.1071784362
266,232184.0261261678
2402,269236.26392352366
1250,131927.71425733267
1984,117197.6873295719
1279,145352.9405412483
377,265641.3879671715
1252,105310.35164421806
2156,275793.2368800708
499,316383.5635862934
1374,119944.61648168194
2898,246568.8907650615
401,104350.02393764541
2721,153231.24488090468
2078,237313.37598585917
2589,120739.68648192991
1946,214505.26103887454
1334,126637.43477969622
2781,216894.053138394
431,378416.4000605225
576,222476.2148191788
1474,221341.82701440627
2254,145116.25107026057
2155,280748.24777678493
885,80675.02736314114
643,144560.0150474601
1944,121262.0896161247
480,201003.08797477875
2845,110268.46134705165
2387,302396.97098956886
2407,222208.25106599083
2527,161244.30141561665
2514,156993.54648006434
629,150566.93537445526
80,224011.41258867388
1876,145559.74358726473
1546,124559.59887248866
2518,177463.53798604428
2347,163596.0891005422
783,234552.9790570364
1322,23820.485545894015
194,92101.27238847435
1770,282173.17977494624
2143,134475.50393449212
1229,220803.28978351256
511,279706.1836671828
46,243754.14770118042
1348,160584.8510570381
2465,214317.17470749913
387,226273.15748526595
873,237079.54715495754
1918,118540.31997776951
2764,243547.30540323118
2184,109493.78110858507
934,149043.46320060358
1920,132391.60483320695
2631,145824.79570847645
1768,527969.2889160119
2040,110520.72014644407
1749,224371.55501307859
834,267952.9395859278
1457,241726.40829422596
79,117385.71541087478
2302,130525.41284272459
1817,147360.7857868
2755,257055.062796797
359,169815.6151732882
2059,109731.65076102247
2092,246366.67796511372
2516,222036.10300965625
150,112431.76818977136
1656,153784.48280736618
83,95059.79003216675
2411,206618.9435802599
795,48584.345526834746
2312,223523.30348597578
2917,127375.85966636242
1624,195357.83109832884
2215,288509.4692397137
1211,154267.72064189988
1485,173113.32932680848
1024,189698.17849082148
570,198865.29754771444
2874,137801.08184767055
700,154983.8245323505
2756,235312.8279013611
2022,190279.89679681152
583,227607.30893338687
2392,348774.47294318565
2424,195342.13807606092
212,123053.03370952024
736,126912.70005647457
1610,175743.5579193662
890,117517.64805856539
467,178560.89367351605
578,230931.3886961922
1747,204961.9358844079
1149,175393.21555580824
2758,281640.9755998192
857,147087.747829511
2219,271474.3049373913
733,99029.5613608539
2909,110920.26262073986
1798,240933.49402946315
235,109458.57695516798
2366,147363.840694582
1027,128959.00485613053
1195,133527.24051004747
1303,20801.631092689087
148,183537.80146825945
608,156501.99924430568
2515,190855.59251221773
821,263119.96612954326
2500,270711.37111174734
745,100893.06601647902
741,130257.94633521646
1611,143345.83455723268
2532,123421.48386823336
1081,238090.7098860811
1692,410917.3752887598
2520,204464.80117082447
276,113296.99853043817
1992,146354.57580979864
663,23194.800071081496
418,133545.31818706563
1733,212417.99424290677
2359,155885.10623697145
253,189634.28608528234
1518,179047.42381055848
2035,143483.69887747514
2919,83614.76914331701
1540,226831.5723022139
2120,131021.69941457416
1674,182528.95781324577
256,155864.3422647643
2361,86240.26243982652
978,77155.38716961235
2280,131868.62350172346
2095,244126.42750717344
1709,301377.065557576
2801,243221.6753106271
1246,114982.50157960692
2373,110149.58314143584
1055,283338.99899484566
2017,128733.39930049903
1099,282687.71143505146
1344,66841.90123568766
835,198795.79008911725
1117,248190.28450878232
2043,92201.45865249385
2085,142799.68729543505
410,147298.7595316092
2650,117894.96029631577
2867,158403.21937021494
1668,114413.2777161868
1161,169170.953159637
2122,178604.33293208547
2539,153876.54884778813
1047,141100.7015226166
1445,124683.04415703556
541,140390.07995139208
569,242281.76229453657
1276,140229.32649636865
918,141079.76343228723
326,144508.61322098863
1936,128513.2482081135
895,110475.29345454401
257,138388.83278092288
1241,191134.6804634897
1545,124145.02490512846
1189,198909.99300711876
270,169598.1901712883
2066,189973.5806458262
693,99523.26729501999
1259,119208.09090350146
2916,148583.0997671248
2321,313184.82791276916
1977,101023.82501777768
1895,150811.29945023643
1240,157388.78051009588
85,169194.01509033312
1823,108179.08167401036
825,294889.7768602362
110,223684.53897908985
697,123816.76097924878
2297,126413.70845494521
1231,138099.3217198971
1355,133537.08919235077
968,341983.2275329748
584,217847.7549885196
1315,157376.73930138926
1606,127786.93518451843
206,91469.43730950783
1685,357879.0593158393
2016,128565.30082347934
869,213375.18803884526
2135,124879.08020725644
2346,175753.91669543678
2430,256085.83845086896
2198,83244.25671945786
2652,130062.5245932718
27,104972.05343144342
241,164187.79789708953
906,124361.86558734832
1506,129491.67032695169
2098,357569.85713067907
1435,226609.31475567195
2213,109465.63222448154
1274,137535.5503207939
743,-4038.378913205728
1737,228598.46106006752
2797,279727.9536980709
2185,51662.07200313339
58,151088.78367837908
830,212396.87919876445
808,107456.965769826
680,153732.16440113803
1153,122609.13070903029
1291,161361.75452551318
1818,141365.66962708638
2161,210556.48883861527
1883,113269.42025076486
350,338343.8217015256
2473,177161.44480972047
295,196029.0827677662
293,201201.50899705212
859,127150.2271260923
288,56139.48549322918
1578,133446.9465612342
102,215065.90569566673
2831,188259.82859192006
1030,161051.29846549884
2551,152202.8853049138
1286,140604.28170640644
958,312221.5618627377
776,127977.25738637798
72,224416.95146979557
2263,285814.91269589536
1866,157560.38222021784
2876,50552.305443568475
2146,251764.05540987937
103,190003.34364580805
1500,141339.73313478674
492,170116.1138450029
167,137099.77746308077
2597,119596.2993434967
2685,102910.21620716389
1035,153368.7115302645
1220,39526.31629885131
2602,150672.20170795932
2159,211329.48038548778
695,173869.38130174257
1109,265358.8765241584
640,194024.15260429276
1652,158846.84454527585
2090,191152.10833742234
1188,185179.09946011624
2345,238320.81677859533
1059,369525.03225942014
2751,246865.44628839174
128,232694.5973334348
1523,173000.28446686603
2925,166889.44910212423
2145,295964.49573904637
1121,234709.94677113905
566,276876.2851299077
565,239959.68182054168
1331,141642.59538490686
2928,125740.57896459982
156,133257.49223023473
797,138115.31201570085
327,93003.96686825057
2859,142047.5095247855
1453,122799.89000185434
1762,328521.39101921034
1868,198236.4018652412
1760,159175.96399424097
1113,229951.9225430216
1812,204705.23867641613
117,159961.68304294848
1142,213682.11228322136
2342,376827.579524477
927,126718.60768893565
2478,167181.07421400945
655,63997.946352504456
2064,126516.99719954398
369,251212.6631065555
2239,109824.17225300781
2732,214569.65607595324
1653,174835.60358964873
959,240937.644119984
2395,332072.77552664775
1412,126335.30145166208
271,254592.15356553314
1484,169975.70851149102
1497,146271.03704085195
552,148780.99352254055
2,116176.27484121452
1855,319124.5226937932
4,282234.94750095636
2292,147161.2762345939
134,147722.0409603558
646,83831.63392419618
42,280975.6260273926
532,227600.06889455087
713,123263.78850055847
2561,141931.60629349263
2360,126448.91291057959
1333,136072.60079802334
1407,216503.7089616917
2892,301653.42553310137
574,239302.140474531
1227,194077.41446737447
2591,203203.01313012542
1476,233557.7806053464
1125,255284.37112720404
1446,167812.1198716346
408,132986.03226706578
1101,281217.933806924
2251,193003.89250436524
373,191385.72261219405
2554,114416.61348045462
2382,248260.60454046464
1985,82462.80692775051
519,256193.58752086642
1093,176714.26327190656
864,259876.77434751985
2889,157969.0358858317
2308,200380.63286665853
986,146719.92095740273
1302,141006.0623825764
585,155388.73147555508
2708,152240.96678458492
147,146416.0834194403
1441,235550.67099286386
383,181356.7991628734
285,164193.72660089526
181,119319.3319069015
358,200222.83361214935
780,175891.84378328186
258,179611.8134192562
1865,231368.3147001945
692,139482.1922345113
2902,330169.1589127366
508,248492.05000120637
2638,161653.8938923759
36,144639.40242933933
611,180988.2140874956
2281,156652.1435841198
1678,149897.5215757381
1696,432173.49470876495
1557,76665.96266331761
2180,141693.05697464888
1726,233946.1452077258
951,146535.94264406647
267,225488.4644873876
2706,129973.35381285615
2221,226178.0953776852
1357,186708.1725864432
2901,318004.55551753903
347,162248.1336292237
2164,205910.17714815965
1586,297119.60471087025
360,152639.9921213939
1769,237239.96840728866
2617,139663.58920787708
1879,162518.24974753684
991,218703.72333926248
1535,133303.63062773598
1191,161384.5051365946
1579,252682.04510890518
1882,147803.3444991658
1510,120144.10269637768
2196,205170.6220488479
1845,194080.65345854365
2336,379746.21627817675
942,99793.44194493614
861,127806.01875787387
2555,111060.25179445057
1392,164321.3588347904
2099,272515.5815207513
1543,119861.30319014052
948,269910.3486193642
1239,179641.9816897696
22,196086.87945670373
2796,246330.87636217236
2747,205227.88786558685
92,276866.74541221245
210,175621.57682585935
1858,223731.0877985903
2228,170675.25951482367
447,241434.6948054829
827,248970.2148069294
1649,221691.45479436842
682,139204.80616593786
2698,121055.76262585167
494,150496.53117403472
214,100657.88924715201
2441,263866.3491641166
2679,111202.46784203884
1336,122886.50694639931
465,187619.2950971997
1524,131136.49510369918
2543,106243.45293076722
631,167158.09249683018
2452,297667.8071152418
228,159444.71110913262
126,207245.38975233468
1092,248440.66914168833
1122,222354.95144342433
932,214916.97527433626
1980,82241.80566130456
2171,126214.34389080206
551,159167.83879189857
2768,169631.37707313156
2056,101965.95115981933
1159,344781.782155372
2645,136830.53028260393
1174,193970.58267460167
2266,235988.25883888578
2462,380511.9540968635
1219,150278.92061675992
2922,212056.71678213953
118,146482.02907479415
474,177252.09608802653
2576,166245.1865038912
872,292667.06752224686
1077,212033.05442492577
1536,135782.01024105557
1150,107518.19976076564
2341,318749.02074258303
1931,162971.8150063626
2785,134922.32897202807
2538,128640.50752146842
597,215034.03029455632
464,205171.39189131066
233,254072.12529230746
2169,140295.62401412634
2123,161734.03361192808
1867,169564.4184826857
137,267438.52808339626
515,235953.07674497843
933,112435.81566675456
2784,166686.14875803137
972,167026.60865134705
599,153602.2629696898
2614,137467.49729035236
2582,136723.69379767776
1409,171739.5648518005
175,119414.66868153973
352,201342.4446923866
976,108977.95318139314
2134,203110.61241739013
984,112676.92076664507
2396,316759.3986206701
1673,142339.9632935963
404,147107.6519399022
607,160894.39468128933
814,172870.02960563547
868,201682.99529918804
2271,185647.5046735643
1633,243510.80177766088
337,175442.46569612037
2765,216055.94361758605
1746,249145.15818160202
368,306438.8917825007
2806,218734.2954169376
1662,192422.99278861363
1234,239687.16693584222
1373,122757.97551973634
1672,104463.02029999947
1939,115679.0189622238
