Id,SalePrice
2658,149775.78538918545
2718,155332.88676913903
2414,234133.73586626526
1989,113213.74501832783
625,177481.38099473828
333,92670.59603999782
1327,99625.99088356503
858,155745.39296412628
95,182027.74448658567
1568,161783.9828823392
2482,160059.8199821211
1364,124010.10603487329
2584,145433.01424310607
818,258036.32646360341
2673,130145.64938930342
2089,119087.69964215459
1297,173084.19076603092
790,113679.86336609806
2616,200104.35834685992
720,216037.99741624214
222,145767.4847195827
557,121159.47743197951
1148,195483.02644046728
2766,161316.38986928982
534,191376.09958728822
1452,120547.34955668073
630,117212.76659030013
2648,142751.64547747516
125,180536.36316351482
1904,37249.11578718529
1670,92802.42237317769
756,87598.38634958374
717,235471.27150770812
1032,160654.91603669358
852,225533.86270097474
1731,197573.55941749935
2639,131811.10336893803
2071,74655.32973771835
1267,125189.90251316698
1851,203971.258664501
567,181084.19909519723
2439,211108.34870244726
1898,148914.02847062054
647,170200.71304707843
2256,230778.01821621865
979,101491.67375885686
1444,227745.32721694888
2485,113299.13200544051
157,120403.97885490346
88,120874.43245777834
2003,111648.70597009719
186,219355.35757981124
1425,246370.47610605852
2695,122014.89989653254
738,100097.95564289752
395,154906.93565430405
1353,175533.77414181505
1878,136701.74894382103
390,161027.95047280606
1456,233360.57366244053
1103,319510.7276729179
1387,150295.05849404476
2070,147112.7716412039
1199,172105.37642207852
2479,184269.67201151693
501,305369.84401263215
2362,87465.0794457341
1718,209021.75835061385
2188,79386.82019076368
1483,171542.21444579505
2557,83954.72411280373
437,338588.2973812717
2224,199982.86452907237
1628,177336.63441888144
397,128798.3570061783
587,208734.31129819909
2182,604448.7359014667
971,143603.0583531939
2611,146312.7678083261
1887,99201.46267007638
2399,349036.2838599812
2148,208035.9884734539
304,141721.6105481888
1997,140817.1131040293
2817,104349.07909879267
1431,208791.15979282334
427,318858.08816939563
263,123724.24996825281
598,191432.32311493056
2895,235006.0189356769
687,138456.20062743974
1822,133092.07652107612
2191,101627.08768369241
179,123803.86390177635
1009,223196.60503470415
2010,124138.72889318591
1991,150226.52138929465
1411,208304.3588113062
1721,220142.47887833862
1144,193452.42214347958
593,224007.00062643347
575,324451.8197273948
1249,171261.96940632537
1604,113641.20215945499
1064,458106.8664685583
1923,159462.82051506892
1988,117385.72765415635
2325,172763.1387598419
114,206637.66002116003
2700,187406.1124505931
217,123475.03222717946
343,185640.79454896017
386,224450.8666785502
2005,106515.85425821647
2908,130534.39380057016
1814,254196.04938974517
2446,455949.3191760343
208,139221.53609706924
1679,106048.52486630154
822,326613.77212987014
6,192409.64557441196
1781,405634.8141395558
2397,303035.0067769947
2340,303303.3584866752
1618,167989.50553097943
2843,149372.44262575085
1061,350301.72608160577
2786,117862.13890129386
1935,132281.5408683853
1341,115583.60654422725
521,253417.4192294171
2136,136258.3235569023
996,197010.2854687852
227,131578.0920471916
135,190205.22314354574
1167,159802.54330642015
294,231921.90253760092
1776,221452.9350099516
540,180395.2177463722
1717,226957.3649568208
2303,114466.08426870307
116,184098.70658408207
127,132638.1949611535
1371,131967.72524133584
1014,157386.35932581575
1507,110614.7354790145
702,144356.02771867818
750,160154.30316376456
261,146548.3283195877
1559,72244.09571700178
577,231915.05922158548
2812,198513.96666249423
2080,163926.02985526895
1368,124863.24993814138
2376,119076.66185862874
659,120110.10133343001
1235,138613.21035202395
332,75330.21209916241
1917,146513.78262502066
2094,240332.2804628271
1460,270568.2194790397
1471,225328.80647984066
1509,119330.7116221283
1922,125017.51946940865
433,435515.91609373386
460,255328.20621446462
1116,230443.13824511814
1137,173822.46739492734
53,175129.31483919325
2354,284798.62668920704
1475,205592.7152836294
1761,483271.6993356019
842,135142.10556975682
2739,185653.38705886906
2509,156676.33529739117
1007,208451.9061063541
2610,191291.98275559372
1952,95458.99672041537
2719,167733.08756553754
2921,83593.11981428649
1966,148363.38182970756
292,125831.16829793199
1204,203223.113823954
1829,254583.49531735858
2419,205423.5827300856
391,146013.3054319837
798,123800.9736085798
481,205793.17280901154
193,218863.41767558665
555,110788.02383723133
899,25287.2360027314
2357,184247.51297128364
328,143410.52155297605
1356,101727.96296958462
1154,97776.83989804525
1730,201803.0506568967
2249,157964.85972083843
1119,287064.0835042133
2856,152690.25577347857
1394,134110.06586300055
2587,111400.67974335815
61,291796.28559687
2661,191234.02432124602
2711,132428.2324596225
1147,194069.2979534951
757,129017.97356702627
2623,102539.4846557299
2378,135960.1173319745
1413,161256.06465472135
1722,206890.70787908978
1112,227260.96582759285
1623,186985.9390577425
1201,206772.31689073954
1513,122112.32029527328
957,368205.82149345975
1171,273105.8630550731
1145,202490.0189601081
2726,230473.80386017187
703,165652.5230381633
760,129305.60405046758
1964,148838.20498511483
2512,187069.37299381834
159,132466.49753923304
1281,172321.43546407143
468,198334.12267964252
290,126352.16701765507
665,108427.5525165147
1463,265096.78182368045
1792,217078.91084850125
923,161065.69069450337
500,270467.00544462283
1408,182221.71647086676
331,81597.22825470666
170,145603.26251478295
2192,91953.94776689495
2571,300705.47025165026
2314,164127.7241901243
2647,97234.0045705474
422,387534.13667318947
2457,352945.09668959264
1838,205613.57179002572
2805,264500.42195080116
1645,145207.26164276726
1711,285736.9302413147
2825,254257.90821605385
322,322817.0011112328
2103,275405.38049525593
342,123309.03434201874
600,115466.33683422554
488,172822.9076672955
1725,303755.73982362635
2246,336445.8609852937
2847,149161.86873686293
806,246664.01321479774
530,230931.13124716218
963,191293.37694785412
2678,95299.8137914802
171,86789.88904105379
2401,421420.08136916836
805,221978.90722173578
2259,245429.97195444762
1748,188805.386587421
1361,149464.52673340356
1677,119053.63730697802
1406,162029.81496904942
2322,272425.38573481486
688,159512.43138483498
143,150094.47437669773
804,214532.3786813438
1214,223686.75642876263
2828,162474.43211077273
1999,216742.53207504321
2467,207428.83892273452
2665,166059.92357160323
1538,315299.4595423444
398,108745.41302978297
2822,158574.84171811296
2157,161554.04140704646
1856,198396.10474803805
1269,91175.3036405676
2570,121927.42122161787
2320,245375.9707350203
1517,135195.92032376007
2304,129254.76262513833
1312,85158.67841204682
2012,133422.93060489505
506,243524.43169794054
2865,211448.20100835932
2367,108797.45971790042
554,91109.34369302023
238,140359.3314289535
1954,106664.06697922788
2488,123941.0111235645
2291,72803.8761024697
1969,108752.86458059445
2725,177668.1666633823
1482,166778.09160732452
2763,214746.00024177335
503,249349.10529051954
1584,254607.55519173102
1531,147628.383626766
2210,194943.8771355272
459,322156.7128277526
556,126913.81658947308
1347,148345.68490228578
1290,71984.03452012206
1388,95586.80677710962
1571,295466.73304532486
2754,221803.81401380055
765,144947.04376218928
2494,127630.7458085715
2870,219543.74865649713
7,219139.77400911608
1114,249282.6430119105
2418,300970.46347436204
291,142407.87616239593
18,335029.2213659353
39,373668.72934964113
1001,258607.90312390862
2442,246377.07044894656
616,122367.15500136583
2680,73237.21165075303
1414,129071.30705992406
289,168081.1161261579
40,252735.108381078
860,130690.16754074945
409,127396.42648050105
673,153122.59089847613
2427,200104.5048698858
2036,221758.00757869976
2564,135747.82695204165
642,175933.00454737342
1008,186489.72249901446
1908,157103.35357337445
2519,205388.55271573225
1369,94020.9056859973
2855,165224.18939514318
712,107131.10633693868
1943,122578.05061351082
1958,145150.1815700062
107,177440.06537285977
2295,211661.8379318842
704,112515.74765008086
676,140943.30215565755
259,183290.63528897642
93,281372.96348240407
106,232699.88494281025
2315,172648.67020015608
1050,102149.28343569147
1095,220651.36718356278
2709,155419.4355367572
758,168863.54872380316
1496,155828.73986636192
2370,126769.98206529708
2458,302161.8191635357
2733,135565.19881885813
161,272007.3022654131
726,159510.1042384503
845,218838.2377307277
947,269916.34720264364
2232,112589.47950503042
2563,144681.6328404767
2299,153146.0703620371
211,74808.35278714506
605,153071.00733983476
1478,206418.5063194421
2247,303458.23069543694
2274,219605.39669595152
2869,215329.33272699759
967,213044.11112333217
2656,106902.49184415312
667,204563.80656051598
1042,115113.53397981181
2023,161868.7549257549
2447,369794.77357799263
2055,127427.22325827854
2275,303467.5913960449
2204,179474.1551341491
1563,302007.7340351843
483,199416.5711261735
796,143627.72757606278
1526,143912.8024739721
2042,144615.0205846608
442,317332.494223763
1693,311227.75610542216
1468,225974.88367883186
1430,178802.85912702937
2605,176774.95514522502
1529,207746.4625683349
335,153234.8738597674
1287,125084.18076160086
31,102681.39889036337
1785,329522.3131160743
82,158304.684272883
2620,113223.42525857787
252,174709.65616094173
721,51410.35983366196
2165,206817.11578720057
2316,197968.40035503585
775,124661.68833748315
1558,69532.52637895795
17,215128.04203694937
1022,244592.42602725775
925,114181.26377767595
438,256995.82832696784
1270,154378.35430082312
1272,133166.20202214536
215,153949.03314062936
266,234670.53969949632
2402,276257.5174094338
1250,132916.8908754365
1984,116013.87289770733
1279,146699.85491336236
377,261948.48289323528
1252,120345.49381059085
2156,275907.5976738988
499,317191.8793365857
1374,114919.20798817564
2898,242242.22655972771
401,104262.2042795692
2721,157361.25951308897
2078,245860.28773189022
2589,117642.12791911612
1946,228258.1246443735
1334,123454.2740727886
2781,219715.19229049204
431,376619.06663291476
576,211472.55349609215
1474,218619.78155842613
2254,139778.20134704586
2155,285500.4655272458
885,91194.71773275922
643,143141.86975249476
1944,120088.96906839017
480,202516.6458679998
2845,109440.78948010814
2387,309676.8006466329
2407,211692.7735684377
2527,166159.36181676597
2514,144608.86820233386
629,150531.81450365414
80,219151.77877687872
1876,145203.65071470104
1546,119451.53518324776
2518,172801.16778388177
2347,163052.505409982
783,219539.10120592685
1322,42646.74818813498
194,97167.62581193773
1770,283619.78284285456
2143,133481.9090243856
1229,232332.85373691836
511,286574.82628578576
46,234644.3393153029
1348,178444.17826913454
2465,208469.04149536256
387,230169.23287884047
873,246218.0021464068
1918,117597.29346025715
2764,243597.36192736085
2184,115585.53210589875
934,141725.2155727789
1920,126598.16436431455
2631,147737.21392930773
1768,566459.6002293364
2040,114350.92934646732
1749,232694.7205852415
834,267343.243217089
1457,238969.81439792056
79,104470.43654418658
2302,127626.65832485096
1817,144914.03165413614
2755,253724.16107661708
359,173299.28293876737
2059,106493.82471996633
2092,241121.13806636957
2516,233661.59388754808
150,110947.0303757298
1656,152890.79000381407
83,96742.89644060968
2411,207138.60526513742
795,72813.34187217071
2312,228787.9455705258
2917,120767.30720020807
1624,191115.91747124336
2215,305737.0212856815
1211,152628.2927427489
1485,178247.87064892083
1024,193010.0575022967
570,195611.21731725114
2874,146880.97921824743
700,152377.94275741323
2756,228480.2544005793
2022,180679.1961792344
583,225970.38423355107
2392,351319.8141874897
2424,186611.5482505782
212,117110.77854522067
736,123435.10357921859
1610,174662.52685583069
890,105204.3867559407
467,179762.8239940432
578,223798.33863364122
1747,202854.29401872982
1149,160260.49218810076
2758,281683.3275317232
857,142291.575137155
2219,276967.94318236434
733,108079.15379538969
2909,126812.62276081898
1798,245344.33505730928
235,111263.41548534713
2366,133980.05543729864
1027,129984.89891804663
1195,132215.2395393409
1303,29353.3117770557
148,191885.2714563692
608,164676.32479239872
2515,200866.34495155956
821,265753.5275361618
2500,256574.10235394753
745,102950.29700585849
741,128544.3053073006
1611,138849.86803903698
2532,128218.01597046742
1081,242919.63015282556
1692,415643.6595282913
2520,198785.47835311873
276,107728.9844704361
1992,147432.60711096597
663,27626.576607480092
418,126098.88787881422
1733,222915.47174751476
2359,151573.17715691007
253,186367.02017177784
1518,183392.55486293472
2035,154638.2504353407
2919,79729.15813916645
1540,219544.0642832694
2120,140804.8745793521
1674,176665.04018146422
256,149298.4636044245
2361,93047.23407116847
978,76378.83391139717
2280,131669.5101496299
2095,235460.7586662152
1709,313555.3175513139
2801,250741.18768960424
1246,110504.6848829019
2373,94667.98605529657
1055,280257.64330191223
2017,128082.6256998248
1099,287502.04502868437
1344,74397.11610346449
835,200446.32919036236
1117,237280.0971108168
2043,91956.1525667728
2085,128904.86569756208
410,146269.69793736032
2650,113968.34786743297
2867,165406.47612186606
1668,113158.30736112881
1161,160469.33524109758
2122,177680.34656314537
2539,159176.7416937875
1047,134553.97849173017
1445,129372.2659053756
541,136007.1744108672
569,231045.46982901462
1276,135869.09081611776
918,155131.73915641723
326,151742.2850485503
1936,128299.50429955871
895,109104.6841591577
257,145988.0322192143
1241,189316.5807590524
1545,127058.04396405909
1189,189662.29976966986
270,162050.02699917526
2066,193375.1305932939
693,106353.93301270323
1259,130725.81248738494
2916,154801.75693645392
2321,316704.0470227932
1977,123223.58563110669
1895,148586.5020619824
1240,173540.04818856993
85,162996.37113470663
1823,111297.28513366783
825,297653.44351401046
110,227237.1646628629
697,120588.90614103463
2297,119412.59021639683
1231,136451.3692353187
1355,129485.5361347804
968,341774.8301493039
584,218091.84512324719
1315,148357.10749816964
1606,132670.5524542936
206,87020.28479994116
1685,355336.31729331694
2016,129604.31761415247
869,207239.39113749412
2135,123463.65995605165
2346,180297.38094436473
2430,253636.1553033557
2198,83768.58668379414
2652,123036.57437743546
27,103841.34681788922
241,164233.02959686785
906,139135.79995329486
1506,122119.23124769799
2098,365095.8782619103
1435,235127.86925223772
2213,130339.59773787239
1274,134531.2326962456
743,168.42208585896879
1737,223094.95918453843
2797,284587.284440465
2185,57971.9545671036
58,165590.649953983
830,211909.85743743804
808,113458.25151014274
680,147254.4910724622
1153,117057.40474791994
1291,159887.65305498015
1818,152726.6121547461
2161,204390.528605605
1883,115119.06421497231
350,342450.38816537807
2473,170358.51937393632
295,178728.1136944536
293,208164.71154935245
859,125533.8446444122
288,59153.55726834772
1578,142103.82840042535
102,207779.19010174388
2831,177181.2294298496
1030,158924.8613751641
2551,143772.13949061348
1286,148998.040539201
958,314582.1270301003
776,125825.54275853446
72,238709.4069955187
2263,285807.5084200665
1866,160587.62762717213
2876,56831.647857549615
2146,250295.58207752265
103,181681.26238360285
1500,138724.37560233404
492,181543.0667093455
167,152726.89551629554
2597,118865.55287639023
2685,111784.52751153852
1035,152909.23632706492
1220,53271.25509172371
2602,158671.1162513026
2159,219797.92562450067
695,161075.1411811431
1109,265289.09590961575
640,195542.56073621946
1652,156454.76509372646
2090,184518.83942045286
1188,188534.3590779083
2345,231188.38637605775
1059,376352.9790158143
2751,246989.7964232613
128,232772.68461456854
1523,172625.45160411915
2925,170735.63412746333
2145,304944.9653344321
1121,227871.17020179352
566,275328.5429236994
565,242105.65252155755
1331,142660.87530885288
2928,123771.79703421824
156,131653.96989778793
797,142078.5727803232
327,89836.95621444883
2859,147829.7883983297
1453,120641.3048972316
1762,329147.8434030458
1868,204634.42232162756
1760,164166.62069709945
1113,233223.3464103296
1812,200990.93475025843
117,156837.00200287404
1142,216440.10919096763
2342,379087.42650476046
927,148253.80860604672
2478,168461.83496028403
655,63925.1958771231
2064,122454.45188178992
369,254040.72036593728
2239,130172.26828881333
2732,229988.69010135264
1653,165835.58119856045
959,233945.07414552782
2395,339055.82955980755
1412,117100.4660295156
271,260605.97558265482
1484,169241.5007812718
1497,151345.04366405177
552,154706.70745733503
2,117348.56814831072
1855,313037.6596630445
4,284385.1563906878
2292,153459.27083782043
134,153419.14036850195
646,88039.3925636626
42,281209.98012193386
532,227390.10487278865
713,108473.03397522382
2561,136542.63707115763
2360,123180.43827853723
1333,129692.32509943354
1407,218178.69295942367
2892,302840.2737382766
574,227339.28181821402
1227,204270.31969931477
2591,212136.75588009576
1476,232370.01822183037
1125,255049.8500495854
1446,152856.67998471987
408,129504.87539227282
1101,282841.9529044578
2251,201372.368133366
373,187552.71853060712
2554,131703.80337570194
2382,251814.32359188405
1985,81788.65419954914
519,263283.46368635196
1093,180972.07090158737
864,266264.78132639435
2889,143929.10302278795
2308,203657.0210618585
986,143897.25224657817
1302,146666.80525668222
585,153289.70007588188
2708,144224.97690815685
147,142431.78998775838
1441,236958.41084138857
383,178185.06995265186
285,163255.35720381024
181,117840.4806402107
358,203990.3413147559
780,168969.53166681709
258,184616.9322321333
1865,228524.8780306823
692,135912.1887235878
2902,334767.2729868821
508,244825.55441896664
2638,156360.72020561536
36,142155.86178167097
611,178936.28201339595
2281,156875.19366594945
1678,129494.49713025233
1696,428011.45455921406
1557,82604.53473627166
2180,150626.01808597863
1726,225221.17957274872
951,141425.86290413744
267,223442.91254114016
2706,128913.12508220384
2221,251657.33720167028
1357,184882.83910538026
2901,319277.6586163916
347,175126.8131832308
2164,205340.91562860218
1586,300733.06462431466
360,156074.62455886896
1769,245956.17428532024
2617,170727.01716463204
1879,142127.5443116897
991,232974.28227770363
1535,130056.61285674077
1191,151735.67650588538
1579,247252.9558213934
1882,146498.8271451706
1510,130437.93881841238
2196,194182.01874376507
1845,191884.45140094613
2336,379076.4547081894
942,105785.87523772813
861,124603.3330096024
2555,113114.51215278305
1392,170421.83425581816
2099,275147.53707486694
1543,120174.55809512152
948,283031.16945975396
1239,180412.04544777414
22,193447.35213426116
2796,247827.94492461794
2747,201117.41835284614
92,283407.7392411382
210,171248.02538903203
1858,211565.29394040667
2228,157507.14935319935
447,233485.7028056112
827,252818.67001115758
1649,216619.36847828334
682,146826.7867208969
2698,120507.22346121306
494,164155.32726791457
214,85035.65677537833
2441,257728.79308167406
2679,123936.5726950902
1336,128047.54806980253
465,186526.9868079625
1524,142622.86838928197
2543,110751.92004767343
631,156794.01308874815
2452,303042.90046154906
228,161105.97507620868
126,191752.61206210658
1092,238917.9933414371
1122,216140.67728930872
932,227771.7837422139
1980,83931.36360255718
2171,117440.25193144626
551,156801.3983254595
2768,167448.7206851136
2056,102162.13505884443
1159,341050.0415755009
2645,138791.75644461933
1174,185301.630122036
2266,230116.7435915367
2462,377457.1284608164
1219,139533.53954625092
2922,194426.81204307688
118,145319.17342477353
474,170966.46849764363
2576,157200.76516296712
872,293549.5162180995
1077,205386.44615579947
1536,155531.3239256031
1150,115680.65887218704
2341,327209.8398489716
1931,157032.72746231093
2785,130576.66204789582
2538,121558.88298747639
597,218028.293565495
464,199649.00709132614
233,252466.61330400768
2169,137475.25003639856
2123,163229.3858688656
1867,182043.27860999634
137,261248.35342058967
515,237718.65453643037
933,108445.44491120547
2784,169485.90241676016
972,162285.10772203302
599,180635.8023544389
2614,131814.1337234658
2582,133483.87700337806
1409,177286.10480046252
175,115836.18017710208
352,213957.56930919542
976,104618.42587589547
2134,198524.69857925375
984,104573.04307568673
2396,322315.46157053404
1673,137367.656386565
404,132751.77836014
607,167186.21704763375
814,160684.72947512002
868,196898.20368491544
2271,188589.0454387062
1633,228726.01155389898
337,161084.40793970315
2765,205730.07455048518
1746,256168.87989950576
368,304248.9437444443
2806,217532.73472637692
1662,191254.62530707053
1234,234303.68517524688
1373,123048.69406353048
1672,111644.23436644033
1939,119565.05459874112
